1210	304
1236	304
1223	304
1317	304
1393	304
1374	304
3049	19
3021	19
3040	19
3036	19
3026	19
3027	19
654	55
2998	221
3000	221
2997	221
3001	221
2999	221
2996	221
3002	221
916	183
1406	182
1229	182
1399	182
2120	50
828	232
828	232
1432	183
1858	221
2031	153
2373	153
1834	274
2718	274
2555	274
2300	274
2446	274
1171	72
1171	306
1172	72
1172	306
1174	72
1174	306
1783	28
1782	28
1761	28
1811	28
1481	28
1618	257
1618	118
1618	129
697	95
851	263
821	263
813	263
822	263
850	263
786	263
2607	268
1967	268
1363	268
1388	268
1218	268
1248	268
1405	268
728	105
731	105
737	105
740	105
741	105
742	105
743	105
744	105
745	105
747	105
750	105
751	105
755	105
756	105
757	105
758	105
759	105
760	105
761	105
762	105
763	105
764	105
765	105
766	105
768	105
769	105
770	105
771	105
772	105
773	105
774	105
775	105
3052	12
3111	12
3117	12
3054	12
3100	12
1763	36
2420	113
2932	113
1156	113
1691	41
2983	251
2984	251
2986	251
2946	251
2953	178
1751	178
2008	178
1661	41
2877	41
2582	41
2814	224
2007	129
1652	68
2226	191
1732	191
2438	191
1699	191
2571	191
1904	263
2079	263
2228	263
2673	263
2771	263
725	68
1866	303
1232	303
1369	303
1266	303
1220	303
1221	303
1407	303
1413	303
2408	221
1809	41
1809	119
1809	55
1809	183
1355	224
1315	224
1343	224
1296	224
1324	224
1276	224
1394	224
1381	224
1390	224
1331	224
1339	224
1277	224
2788	36
1695	36
2174	55
2097	55
2318	55
2796	55
2776	55
2755	55
1453	113
1543	113
2741	113
1922	113
1946	41
1702	41
1745	41
1646	41
2737	41
2742	41
2806	41
1793	41
2613	125
2452	125
2630	125
2610	125
2526	125
2118	125
2196	68
1742	36
2325	194
1878	194
1510	194
1509	194
1511	194
1512	194
1612	194
2470	194
2236	194
922	41
445	41
597	41
499	41
570	41
440	41
1425	113
1448	113
2302	113
1885	113
2518	113
1910	113
2812	113
1632	113
553	113
3058	162
3037	162
3059	162
2959	176
2968	176
2971	176
2967	176
1157	126
3101	134
2119	220
2694	113
2727	113
2506	113
2474	113
2460	113
2544	113
2497	113
1256	88
1404	88
1286	88
1418	88
1376	88
1347	88
1274	88
481	41
1216	294
1239	294
1294	294
1222	294
1216	306
1239	306
1294	306
1222	306
1216	80
1239	80
1294	80
1222	80
635	164
1915	129
2489	138
2490	138
2234	138
2330	138
1715	138
1588	138
1582	129
2125	182
1835	41
1666	41
1677	41
1917	41
1829	41
2985	41
2056	41
2070	41
1539	41
1440	41
1651	41
1559	41
2175	41
1599	41
1556	41
1565	41
891	129
1364	129
1189	129
229	28
787	129
3120	210
3107	210
3124	210
3108	210
3116	210
3103	210
3104	210
3114	210
24	113
2468	224
916	224
916	224
2134	113
1973	68
1505	68
1971	68
2641	68
2422	68
1925	68
2043	68
2720	68
844	274
796	274
833	274
838	274
818	274
1948	113
2494	113
2795	113
2779	113
1789	113
2740	113
1916	113
2291	113
2597	113
823	113
805	197
1198	221
1345	221
1312	221
1888	221
1212	126
1195	126
1218	126
1233	126
1217	126
1238	126
3064	50
1439	65
449	68
451	68
454	68
449	231
449	41
449	55
1781	129
1905	134
1940	280
330	280
1679	113
304	68
1654	129
1803	129
1302	113
1378	113
1278	113
1392	113
1207	113
1354	113
1362	113
2149	224
1454	113
1398	113
1199	113
1197	113
1211	113
1397	113
1203	113
1356	68
1382	68
2288	56
1719	56
2599	56
1990	56
2063	56
1594	56
1587	56
2009	56
1812	8
2321	8
1808	8
2485	8
2161	8
1701	233
1822	233
2137	233
2013	233
1835	233
2208	233
2684	233
2568	233
2797	233
2809	233
2672	233
2551	233
1508	233
1843	233
1777	233
2696	233
2454	306
2178	306
2583	306
121	123
121	123
2875	194
1439	113
1519	119
330	41
2894	72
2702	72
2888	72
2832	72
1173	72
1644	113
782	196
1522	131
1902	232
1685	232
1877	232
1965	232
1465	232
2369	232
2057	232
215	41
2269	247
1433	68
2580	105
3077	215
3072	215
2990	215
2991	215
2993	215
2992	215
234	119
2608	77
2609	77
1688	77
3063	135
1613	186
1682	186
1893	186
2465	186
2777	186
1473	247
1880	247
1863	247
272	183
419	28
2367	37
1979	37
2707	37
2617	37
2517	37
1869	37
2783	103
1515	103
1693	103
2135	103
1824	103
2485	103
1604	103
1510	103
2303	103
330	41
3060	124
3025	124
3028	124
3039	124
3033	124
3043	124
3011	124
3016	124
3024	124
3030	124
3031	124
3042	124
1855	129
2650	33
2058	33
1909	33
1532	68
192	119
182	119
181	119
179	119
188	119
195	119
174	119
183	119
191	119
193	119
197	119
194	119
176	119
173	119
189	119
190	119
170	119
178	119
185	119
175	119
187	119
184	119
172	119
177	119
330	41
330	190
330	44
2221	221
1270	221
1299	221
1310	221
2212	172
2770	172
2995	161
817	197
1644	129
1620	68
2064	145
1819	139
228	139
230	139
232	139
272	68
1446	113
272	105
272	36
1705	68
1513	68
401	68
402	68
2235	68
1169	205
419	28
886	50
460	50
433	50
483	50
419	190
2357	153
2331	153
1153	175
1154	175
2733	259
2732	259
2091	259
2757	259
2731	259
2290	259
2139	259
2138	259
2140	259
2748	259
2242	259
2466	259
2553	259
2314	259
2086	259
2767	259
1765	5
2409	5
1585	5
2939	55
2687	63
2922	63
2123	63
2231	63
2540	63
1676	220
1689	220
2019	220
1446	220
1737	220
2060	220
1473	38
1473	41
1473	68
1473	129
1473	113
1473	65
1473	256
2704	68
2772	298
510	67
424	67
866	67
647	67
889	67
233	90
233	90
3126	210
3091	210
3092	210
868	174
2379	214
2202	157
2735	129
1850	88
1522	88
2184	88
2567	88
2693	88
2695	88
2749	88
2751	88
2372	88
2624	88
2254	88
2473	88
2276	88
2253	88
2588	88
2383	304
2275	304
1614	304
2278	304
1592	304
1816	297
2725	297
1716	297
2461	297
2685	297
1990	297
1884	297
2570	297
1944	118
1891	118
2034	118
1845	118
1941	118
1784	118
1749	118
1455	118
255	118
1634	118
242	118
244	118
1571	113
2519	113
2143	128
2359	128
2578	128
2528	128
2678	128
2162	128
2406	128
1911	128
2670	128
2370	128
2386	128
2214	128
2215	128
2559	128
2217	128
2475	128
2621	128
2535	228
2249	228
2216	228
1531	228
1644	119
1994	214
1644	232
1464	8
1284	41
1224	41
1389	41
2549	129
319	41
812	122
417	306
2066	306
2073	306
694	41
337	233
1831	224
2689	224
238	224
2691	224
1493	224
2585	224
2169	224
2481	224
1934	224
1853	224
43	214
1021	68
3023	262
3051	262
3034	262
3044	262
3046	262
3047	262
3032	262
3050	262
3038	262
3029	262
3007	262
3041	262
1351	304
1268	304
1320	304
1244	304
2459	216
1987	216
2109	216
2529	216
2150	216
2310	216
2435	216
535	203
1537	68
44	8
505	214
2119	68
793	291
544	41
1882	41
1492	41
2296	224
2261	224
1908	224
1313	257
1235	257
1416	257
1314	257
1267	257
2062	172
2312	172
1618	172
1972	172
1994	41
2549	129
313	119
45	129
1848	129
1750	129
1440	129
1231	233
1219	233
1250	233
1254	233
1251	233
1410	233
1304	233
1237	233
2316	118
2973	118
2955	118
2965	118
2947	118
2823	118
2970	118
2945	118
1928	118
2960	118
2962	118
2942	118
236	237
237	237
974	228
964	228
966	228
940	228
970	228
998	228
1009	228
1031	228
1545	182
454	178
1005	214
335	232
655	113
707	239
699	239
711	239
716	239
721	239
705	239
706	239
723	239
700	239
724	239
715	239
719	239
713	239
701	239
702	239
708	239
717	239
720	239
718	239
709	239
1452	119
3102	302
3113	302
3093	302
3094	302
2662	118
1583	118
1956	118
1959	118
2339	118
2715	118
1926	231
2412	183
1531	129
633	7
1525	61
1875	61
1427	61
1111	61
1112	61
1126	61
1743	61
2930	61
2841	61
3008	68
3020	68
3013	68
3015	68
3019	68
3012	68
304	183
535	14
2183	14
2260	14
1870	14
1460	14
2010	14
1516	14
1852	14
1805	14
2600	14
546	68
1194	231
1282	231
1308	231
1315	231
1316	231
1330	231
1337	231
1346	231
1366	231
1372	231
1332	113
1295	113
1385	113
1383	113
1321	113
1293	113
1349	113
1348	113
1373	113
1271	113
1360	113
2897	68
1551	129
1564	232
1927	232
1645	232
2381	232
2667	232
2782	252
1488	252
1942	252
1758	252
1136	252
1868	252
272	119
1213	313
1234	313
1285	313
1311	313
1401	313
394	183
824	45
2580	214
1190	146
1191	146
1186	172
1417	298
1201	298
1240	298
1265	298
1227	298
1259	298
1257	298
1303	298
1242	298
1241	298
1405	298
1195	298
1208	298
1218	298
1290	298
1372	298
1315	298
1415	298
1289	298
1263	298
1166	119
2952	253
2981	253
2964	253
2969	253
2966	253
562	183
2342	106
1707	106
698	116
722	116
712	116
703	116
714	116
704	116
1989	214
3095	19
3112	19
3121	19
3123	19
2033	118
2332	247
2333	247
2464	247
2435	247
2329	247
2222	113
1357	184
1358	184
1243	184
1387	184
1350	184
1359	184
1193	184
1334	184
1214	184
1329	184
2430	291
2431	291
330	214
2813	291
1756	291
2313	291
1674	291
2053	291
2414	291
2207	291
2362	291
363	119
326	119
860	221
2417	119
2954	220
2977	220
1757	113
2756	107
2628	107
2616	107
2547	107
2449	107
2265	107
1860	107
2878	97
1734	97
2113	182
2575	129
1644	58
1512	114
1672	274
386	113
2413	126
1533	263
2061	263
1702	263
1722	263
1492	263
2541	263
1747	263
2229	146
1781	146
2675	146
1764	146
2441	146
2376	146
2344	195
2451	195
2304	195
2876	195
1886	195
1517	68
1633	224
2639	113
1994	68
2134	68
2127	214
2153	214
657	41
659	41
658	41
673	41
260	50
264	50
261	50
239	50
536	185
1522	185
1451	185
1458	185
1664	185
2039	185
1797	185
1855	129
531	284
3065	284
1834	228
1712	228
2580	129
2580	182
2089	224
2105	41
1994	41
2819	41
2405	291
2631	41
1696	224
1994	224
2127	214
2858	36
802	190
2015	41
1501	303
89	119
2111	220
223	41
2931	41
2172	41
2651	214
1644	214
2090	129
1502	8
3089	86
113	153
1736	36
1532	129
1448	36
2866	129
2154	129
1356	183
2661	291
2811	224
836	182
643	129
1557	214
446	129
1994	119
2927	233
2904	129
316	224
181	224
1532	224
330	224
272	224
890	224
392	224
391	224
1522	88
1522	134
1522	72
1522	311
3081	269
315	42
2592	129
2561	113
1470	117
1605	182
1644	119
2730	2
1575	2
1912	2
2744	2
2173	2
1495	65
1644	68
3074	164
482	164
3078	284
216	197
216	197
1969	231
1636	36
2643	8
2794	153
1473	110
1473	113
535	119
1473	68
1473	129
1473	81
3073	81
535	270
1473	36
1473	214
1536	62
2617	233
2137	183
1558	41
1644	271
1547	36
2565	113
2221	214
2221	55
333	11
2688	153
2940	257
1450	36
1729	36
18	36
19	36
20	36
1665	113
1665	224
1665	183
1665	41
1685	105
1685	172
1685	105
1685	214
1685	68
1685	129
1685	68
1685	129
1685	19
1685	129
3082	197
1685	118
1685	19
1685	19
1685	19
3082	81
1685	113
1685	303
1970	68
1642	233
1517	129
1876	129
1655	129
1966	129
1805	129
1721	182
1468	182
2350	182
1931	182
2079	182
1806	182
1820	182
1759	182
1602	182
1836	182
898	41
1927	41
2381	41
1647	233
231	37
1380	278
1309	278
1317	278
1353	278
1338	278
2580	299
266	245
267	245
685	245
677	245
268	245
265	245
688	245
679	245
269	245
678	245
627	113
885	113
537	113
606	113
613	113
539	113
1913	182
2745	182
2620	41
1080	63
1167	119
1981	303
1225	116
1454	193
598	216
1550	216
1548	216
1567	216
2972	129
1469	129
1835	113
1882	129
1611	129
1546	129
1835	129
1576	129
2577	129
2237	233
2889	309
2906	309
2421	309
2862	309
1170	309
2294	309
2919	309
710	221
1335	113
2581	113
815	287
806	287
848	287
816	287
808	287
814	287
1974	220
2668	129
2181	129
2899	129
2502	275
388	272
1672	41
1672	41
2101	214
1685	118
2580	105
2774	41
2735	129
2685	129
1314	55
629	129
2017	129
1790	129
2761	129
1601	67
781	68
780	68
2496	303
2393	194
804	1
803	1
798	1
809	1
795	1
794	1
807	1
811	1
810	1
788	1
580	50
2089	8
2445	235
1176	235
1894	235
2026	235
2298	235
2488	235
3017	101
3022	101
3048	101
3055	101
3057	101
1025	232
1714	68
2872	68
1966	68
1485	68
1970	68
1818	68
620	68
1486	68
1871	68
2001	68
855	273
853	273
852	273
849	273
846	273
847	273
271	214
1467	55
2572	228
1493	228
513	214
1253	304
1336	304
1297	304
1255	304
1825	8
996	129
1030	119
574	36
1024	118
947	224
2056	224
2836	231
409	129
414	257
1579	41
1946	41
2463	67
2737	67
2343	67
2423	67
2686	67
2690	67
2363	67
2538	67
2550	67
2211	67
2652	119
975	41
1685	224
2166	113
337	303
1474	36
605	65
666	295
2879	220
1522	266
2108	192
1942	182
1583	118
1923	36
2765	247
857	247
856	247
1983	303
2792	129
1877	231
1432	129
1541	129
1459	129
829	105
112	233
1621	113
2753	41
2619	41
2752	41
611	113
2056	214
2052	257
500	257
547	257
571	257
2516	257
1444	257
1685	257
488	257
623	257
887	257
430	257
1548	257
1623	257
2355	257
551	257
452	257
927	257
1774	257
1506	257
1638	257
2259	113
1474	203
1513	68
1049	257
1044	257
1059	257
1651	224
93	8
2845	8
2856	8
2838	8
2852	8
2868	8
1598	8
2859	8
2842	8
2846	8
2843	8
989	232
2924	68
1851	137
2029	137
2117	137
2790	137
1462	137
1600	137
1697	137
1766	137
1838	137
1897	137
1762	137
1735	137
1053	55
1045	36
842	129
1980	105
2032	220
2670	129
2525	119
1872	219
2575	219
2016	219
1554	219
1553	219
1549	68
3	136
4	136
2	136
5	136
6	136
1	136
2180	129
1670	303
624	38
1532	113
2844	129
535	306
535	306
8	36
2400	172
2401	172
2402	172
2558	172
2513	258
2074	226
1500	226
2058	226
1627	226
1991	226
2548	226
2225	144
2397	144
1995	144
2270	144
1673	144
2272	144
1460	300
1708	300
1744	300
2011	300
1656	300
1892	300
674	129
2691	224
2031	214
125	212
1205	291
1419	291
2447	41
396	104
2617	68
337	227
2116	291
2515	226
205	214
2909	113
438	63
2398	274
2309	214
2072	304
1687	304
2030	304
1780	304
1779	304
2145	304
691	67
2193	214
1867	116
1097	116
1076	116
1684	42
1623	42
1524	42
1569	42
1539	42
1683	42
2028	42
1421	42
2623	128
861	41
1555	224
2088	41
2198	41
2554	41
2870	41
2747	41
2129	106
496	36
1058	118
951	214
890	118
2759	214
299	113
890	129
1564	183
2534	105
2654	105
2618	105
2374	105
1685	105
2388	105
3076	68
2041	68
2307	119
367	105
2377	255
2360	255
2142	255
2520	255
2736	255
2192	255
2378	255
2133	255
2804	255
2803	255
2805	255
2072	255
2800	255
1899	255
2802	255
633	214
1473	119
1618	55
574	118
2504	233
207	41
633	214
1685	182
2893	166
419	166
632	182
553	129
510	224
1802	214
553	226
1499	113
1601	131
2950	8
2639	119
2222	36
227	226
219	226
222	226
1768	220
2573	220
2545	220
535	183
1532	224
287	214
2814	224
1718	113
1608	36
1620	65
1801	214
2238	190
2530	190
2680	190
2084	190
2085	190
2215	190
292	257
1566	113
1822	233
1473	220
1705	68
1607	113
971	214
323	113
2892	44
2239	129
1855	68
845	68
879	153
602	153
932	153
426	153
895	153
530	153
2462	220
2341	106
1473	257
103	28
2760	36
631	291
2381	214
2311	129
274	113
535	113
2849	129
557	86
1734	98
2273	119
820	66
3125	25
281	224
886	124
1260	41
1261	41
1287	41
1644	129
1272	191
1328	191
1246	191
1409	191
1408	191
206	214
293	119
2408	221
1888	221
1728	221
2082	68
990	182
2898	106
532	129
2014	113
1885	113
2518	113
2302	113
2517	113
1910	113
2357	113
2812	113
2590	113
1425	113
1532	41
1678	72
1807	72
1919	224
2196	157
2649	36
829	224
2864	41
2455	153
2456	153
2457	153
2241	153
2458	153
2068	153
2802	153
2801	153
2773	153
2598	153
1862	119
1096	224
1094	224
1092	224
1091	224
1874	220
1149	178
1473	226
1991	226
1662	226
1517	226
2191	226
407	226
2980	68
2944	68
1741	226
746	226
733	226
739	226
735	226
734	226
729	226
754	226
2411	214
1522	203
1764	129
2593	36
2501	172
1706	119
2987	233
2989	233
2988	233
555	113
2172	36
1921	214
672	129
2916	83
1918	83
2240	41
2193	214
909	129
2914	62
2007	61
1883	27
2680	119
1771	228
2191	228
1712	228
2013	228
2666	228
2195	37
1835	41
2855	41
2854	41
2861	41
2839	41
2007	182
2248	214
3073	47
2609	77
1923	113
2237	214
1865	58
2385	245
2384	245
2829	245
2381	224
1636	245
2191	245
784	203
1455	113
1494	67
2037	221
2054	221
2627	221
2191	221
2883	221
1580	221
340	293
1813	113
217	271
226	271
7	271
218	271
224	271
204	271
225	271
2825	36
104	284
2622	220
1685	232
2205	55
2714	70
1785	19
3084	19
2389	214
2426	214
2390	214
2436	214
2218	214
1480	105
2764	247
2941	68
2657	36
2699	36
1606	36
2542	21
2762	21
2227	21
2420	113
1685	36
562	119
290	41
2212	170
1939	113
535	257
2881	119
294	65
2014	113
1885	113
2518	113
2302	113
2517	113
1910	113
2357	113
2812	113
2590	113
1425	113
1575	36
353	129
2580	118
1652	214
1736	214
2635	119
1964	223
1698	223
2586	223
2692	223
2537	223
2170	223
2580	208
561	203
561	218
561	298
561	226
561	183
2837	55
234	178
2572	99
1051	238
1073	238
1073	119
2574	182
2640	129
1945	129
2044	129
1725	303
1815	103
1695	36
456	36
1663	226
1957	151
2299	113
2442	226
457	36
2316	119
1767	129
1665	68
497	226
1685	41
378	197
1422	119
680	215
681	215
665	215
664	215
682	215
2807	113
1795	113
2315	113
2403	113
2493	113
1807	113
2488	113
2671	113
1662	119
434	214
1141	220
2657	36
2699	36
1606	36
2496	214
2127	214
221	129
2151	223
2923	223
2476	223
1896	223
2659	223
2769	223
1473	214
1924	105
1567	36
2077	113
1371	129
1368	129
1384	129
2235	24
2828	220
2775	121
2004	121
2107	121
1435	121
2791	129
2606	220
1843	224
2037	114
2614	200
2130	200
2632	200
2338	221
1690	221
1879	221
2021	221
2136	221
2663	221
1518	114
1443	114
1473	114
1517	114
1444	114
1551	114
1442	114
1667	114
1727	114
1523	114
1763	114
1470	114
2642	114
1828	114
1846	114
416	226
416	41
416	183
2326	236
2165	236
1648	236
2644	236
2674	236
2739	236
2620	157
2039	157
2039	157
2308	157
2308	157
1889	157
2364	157
2364	157
2467	157
2467	157
1976	157
565	3
915	3
423	3
461	3
567	3
543	3
570	3
576	3
637	3
458	3
506	3
1685	214
622	182
1644	68
640	103
1814	183
2816	183
1643	257
1593	257
2075	257
1685	226
15	307
2206	291
2483	291
2648	291
1753	291
2681	68
535	18
515	67
954	129
1107	224
876	41
296	214
1503	122
562	129
884	41
2238	214
449	113
830	129
133	10
54	10
70	10
64	10
56	10
124	10
2204	113
1854	113
2773	119
449	214
448	1
1761	28
1731	10
2503	10
1641	10
1488	10
2266	10
2572	10
2432	68
2566	68
1991	68
1008	190
2015	41
276	214
2113	183
67	68
367	68
148	129
638	113
783	113
925	182
286	224
1318	203
425	30
1451	274
2038	274
945	55
841	214
2724	84
1101	4
1105	4
1093	4
1104	4
1098	4
1101	4
1099	4
1100	4
1095	4
1103	4
1102	4
1034	4
2353	4
2784	4
2793	129
2281	68
1847	68
1630	68
1647	68
2046	86
2404	153
1711	150
2810	150
1841	150
2366	150
2104	150
1352	150
1327	150
1409	150
1396	150
1298	150
1288	150
1228	150
1408	150
2912	214
2429	102
633	224
1473	113
1046	298
1787	129
1122	77
1852	183
622	177
535	231
1700	129
692	221
1757	113
604	129
1932	113
912	264
594	214
2156	36
2096	113
367	113
1061	119
294	298
2105	220
2758	41
1501	291
2708	291
2709	291
2046	291
1788	291
1717	291
1476	291
1451	291
420	146
1890	43
1499	113
2285	129
2659	223
1619	53
2101	298
2340	248
2974	248
2716	248
2633	119
371	286
374	286
362	286
361	286
382	286
1438	129
1134	97
1751	36
389	266
653	41
2617	36
288	271
1446	113
1439	113
1679	113
3061	47
3067	47
3075	47
3080	47
3087	47
3079	47
534	164
1720	203
2127	214
2501	233
1923	233
3077	215
271	28
234	141
2722	36
1589	113
2328	113
2424	113
2367	224
1601	67
2336	214
2337	214
1835	105
2471	129
1665	102
667	178
535	68
1146	227
2925	55
493	276
1659	113
1929	73
1796	73
2114	73
2865	73
2562	73
2274	73
2522	249
777	220
343	68
1873	1
1709	1
2505	1
2605	1
2258	1
2262	1
1966	129
432	220
1400	213
1291	213
1414	213
1258	213
1365	213
1245	213
2664	113
2007	226
334	55
1588	138
1379	113
1866	214
2936	68
96	68
532	113
562	114
3085	30
913	30
478	30
595	30
924	30
579	30
475	30
476	30
540	30
933	30
869	30
477	30
914	30
870	30
1901	36
590	15
633	129
2101	36
825	172
2443	129
916	105
609	184
1654	214
1341	91
1340	91
1391	91
2058	102
1521	68
2610	179
2521	129
1512	41
1927	41
1564	41
2381	41
1032	119
962	119
1038	119
1017	119
957	119
980	119
67	18
1618	72
434	113
449	1
695	129
337	55
2419	119
2539	124
2885	124
2450	124
2126	124
900	312
542	278
542	35
633	182
472	203
947	129
271	210
1999	199
672	129
1869	68
2938	41
1629	38
1981	41
2532	214
2524	41
240	43
246	43
251	43
264	43
243	43
248	43
535	74
406	182
1491	184
272	224
1812	68
2223	264
649	197
1924	103
2788	36
1215	41
1953	247
535	229
235	71
1064	190
1052	247
2237	233
2098	233
2672	233
2428	233
2568	233
2368	233
2137	233
2396	233
2437	233
1681	68
2219	172
2786	9
1179	224
661	182
1869	193
2665	193
2087	193
1978	193
1808	193
1686	193
1683	193
1997	193
2612	193
1526	193
2197	193
2548	226
1685	226
2248	226
2237	226
2127	226
2352	129
368	214
346	113
2596	41
2683	41
2536	41
2634	41
2164	41
2218	41
2168	41
2165	41
2168	41
2163	41
1082	226
1557	36
1561	36
2365	36
318	4
2480	170
2745	220
294	214
1991	113
148	63
1454	224
1618	55
1970	41
2763	41
1903	41
1483	8
455	214
1002	214
1125	226
369	182
1423	224
322	118
585	19
2025	167
1881	167
1712	167
2289	267
2527	257
1914	68
1761	28
2492	113
2250	105
2917	55
1656	119
1910	113
2580	113
830	50
1646	41
2905	182
405	129
932	243
903	135
484	135
568	135
2434	119
574	265
888	257
2089	129
1130	214
1109	214
1116	214
1113	214
271	55
1577	257
1849	257
1584	257
16	182
1968	105
368	158
480	199
535	133
535	152
2335	119
611	38
1827	148
408	41
2110	214
1614	119
3083	281
999	281
1001	281
1000	281
1018	281
1022	281
1026	281
1115	281
1139	281
1140	281
1832	68
791	285
377	119
282	118
1053	298
1474	173
2146	79
1943	79
1477	303
800	47
826	105
684	257
1469	113
1449	257
1726	214
960	300
1070	178
3090	17
429	129
1344	19
1361	19
1307	19
1412	19
1200	19
1377	19
1402	19
1403	19
462	55
456	67
2587	143
2937	288
2826	288
2500	288
1740	288
1833	288
1433	288
1770	288
2818	288
1887	113
545	257
141	129
1921	36
2395	118
456	188
2510	55
413	41
1930	36
2127	182
2719	214
3106	306
1155	36
1475	113
1809	55
2543	113
2738	190
1493	113
297	231
1573	55
1909	36
1773	129
2415	129
2005	193
330	36
1124	257
367	119
1148	203
2439	224
384	72
357	113
2794	243
1292	105
2498	113
2499	113
1474	224
1609	65
596	134
1527	105
2928	36
2410	262
373	303
1794	113
1896	129
2485	213
2018	213
2220	213
2523	213
1694	213
2048	213
1053	41
1522	113
2580	113
283	8
1739	274
1686	274
1482	274
2319	274
1507	55
1424	182
2508	237
3074	237
421	257
1625	51
555	257
555	257
372	129
1616	247
1603	247
2979	247
1736	36
958	224
1055	36
572	113
573	224
498	110
1430	226
1509	129
840	149
1912	254
1680	254
1431	254
1733	254
1484	254
2132	254
1950	254
2830	254
1671	254
2045	254
1586	68
2617	36
2511	308
1857	68
1665	68
2723	68
1586	68
1162	68
934	214
2273	104
437	243
1940	257
2896	41
2730	286
1074	224
365	105
529	105
1653	113
1713	220
2576	113
931	119
1837	113
2427	113
301	232
2660	257
2915	206
2645	55
1606	36
2496	55
497	224
355	113
2022	183
2703	68
1483	68
2323	68
329	129
778	55
2040	129
864	203
976	233
3035	230
3045	230
3018	230
3053	230
417	34
592	267
610	4
519	4
453	4
2808	113
881	226
929	257
1058	214
330	105
234	103
1062	86
2978	221
2978	165
2863	113
2903	113
2158	65
2711	119
2487	113
1823	220
309	68
295	68
370	68
1456	182
1629	113
2078	224
490	22
1610	226
578	224
1437	119
2227	36
2579	68
1060	214
1624	182
1605	182
1534	182
1617	182
1519	128
1053	119
446	168
2634	119
341	224
1895	113
2122	226
1323	220
1247	220
324	226
515	266
1448	113
1665	104
486	88
1498	296
2900	89
1647	267
749	182
752	182
2399	257
1161	277
1830	307
393	257
410	175
2024	110
1578	226
593	68
2042	73
1685	73
1473	73
1665	113
2479	167
1993	167
2201	167
2477	167
2391	167
2244	105
2234	105
2246	105
1752	253
2569	253
2759	78
2106	78
1642	78
2705	78
2552	62
3115	156
3099	156
3118	156
1133	119
1021	68
1501	291
2604	129
1703	232
1557	232
2850	232
1907	232
1596	232
1445	232
2867	232
1949	232
2322	232
2821	232
2858	119
535	113
938	68
535	214
1490	274
2908	274
2263	129
2653	129
2209	68
334	124
2148	260
521	257
1738	226
257	226
1657	226
256	226
241	226
1685	203
1685	238
2444	153
1685	129
2199	182
2850	65
2229	65
1991	65
1710	220
1960	113
890	214
2071	214
1615	214
2020	214
1429	214
1856	214
404	261
397	261
2127	67
3056	185
2602	115
2676	115
2721	115
1665	129
12	181
9	181
11	181
10	181
13	181
14	181
2448	68
2929	36
2958	142
977	55
17	113
515	197
916	226
1620	303
2256	129
330	8
2292	221
2375	172
1006	129
1969	231
326	68
2686	68
436	210
1799	119
1741	119
1570	119
919	119
1583	220
1940	118
2768	129
2785	129
1185	4
1187	4
1182	4
1183	4
1188	4
1184	4
1180	4
1181	4
2189	221
2293	221
2478	221
2822	221
2921	221
278	58
2188	129
2354	267
983	267
1042	267
1039	267
1010	267
1041	267
1068	267
1012	267
1033	267
1036	267
1040	267
1035	267
2741	129
2902	68
2221	214
514	220
1977	129
1551	129
2994	16
2635	118
2324	65
481	41
2102	247
1746	247
1992	247
1998	247
2115	247
2155	247
829	41
2171	289
1665	220
2666	182
1665	184
2666	182
1665	184
387	36
1685	226
2286	214
1855	68
1572	267
2890	67
2754	67
2677	67
2015	67
2157	118
574	118
1168	267
1563	129
2002	129
2934	129
1019	36
2127	226
683	261
686	261
689	261
690	261
1994	55
1958	113
650	68
2556	113
2398	291
2584	291
1218	69
1262	69
1395	69
1986	232
2765	247
577	172
2799	220
2706	119
1082	178
2963	113
1204	250
1367	250
1249	250
523	226
2187	129
577	129
1335	68
1801	129
2049	113
622	119
928	214
311	119
1669	41
214	190
167	221
1522	68
2838	8
2831	119
2655	82
782	48
557	224
1936	8
337	224
931	257
2798	172
294	102
2546	220
1852	129
952	19
831	129
338	68
531	113
917	129
687	39
2918	119
1826	68
2636	68
2637	68
2625	68
2626	68
2627	68
1955	247
1974	183
1543	113
1976	68
2040	203
1844	257
1651	257
249	5
254	5
245	5
247	5
258	5
253	5
2346	303
379	41
1016	129
2576	113
1900	113
1090	17
2589	184
2491	233
648	129
1938	222
2512	113
1356	129
3086	47
902	164
2354	97
1639	97
1496	97
1660	97
2074	97
535	63
337	257
959	119
443	41
1720	182
1688	68
2601	303
367	226
1283	220
235	147
235	147
1663	129
1780	129
2051	129
2089	129
2301	129
2557	129
2003	129
2177	243
2255	243
2895	243
2833	243
2880	214
2922	214
1654	129
676	129
2779	113
2279	257
2352	233
558	68
819	75
837	75
797	75
839	75
651	4
320	113
1543	55
1628	36
574	55
801	100
1983	68
2125	226
2103	214
2926	68
2515	98
1568	129
1370	203
1301	203
1273	203
1206	203
2949	36
2948	36
2957	36
2976	36
516	232
2028	41
3070	87
1644	114
2827	124
2835	124
1600	124
1861	124
2271	124
2361	124
1597	214
2060	224
492	41
1322	36
574	267
1635	153
779	148
3068	262
377	119
289	299
2056	214
963	220
481	68
2056	129
1473	36
2083	303
574	114
89	119
1020	245
938	68
285	55
1635	232
2023	119
47	226
1591	274
1634	274
1800	274
2035	274
147	113
2127	113
614	119
1056	214
2050	68
1839	61
449	68
341	41
2112	105
2582	41
2975	55
327	190
2345	243
2486	36
518	94
582	94
1325	290
412	183
2127	113
303	113
1281	113
1209	113
2185	102
566	138
2302	113
1489	113
559	9
1581	224
2232	5
2006	67
2094	67
1985	67
1640	67
3062	84
1933	129
2327	129
2726	129
1675	240
2712	240
2176	240
1937	240
1951	240
334	287
1478	182
633	224
2666	36
1840	36
2907	250
1574	250
1601	113
1300	193
917	68
802	88
2371	88
1872	303
834	68
949	271
2787	119
1994	68
1923	113
2268	28
873	267
1047	68
388	203
294	41
1696	224
941	86
2288	55
2951	129
1081	62
1086	62
1088	62
1003	62
1087	62
1089	62
625	267
1843	217
2620	214
442	214
1639	98
2622	220
2264	304
829	113
2631	36
2121	119
1817	119
2759	214
2617	182
2027	182
1522	182
520	57
2186	118
3071	125
2128	184
2244	184
447	306
1466	113
1473	10
1786	19
1748	19
2295	19
2282	19
2287	19
1544	19
2418	19
1733	88
2789	303
1078	300
1077	300
1079	300
968	300
991	300
1085	300
1028	300
789	103
1608	263
1007	129
1011	55
312	193
1269	129
1264	59
1342	59
1230	59
1306	59
1311	59
1333	59
967	190
1517	214
1962	214
2306	203
2247	96
799	246
627	221
463	105
1120	182
468	182
1463	41
1498	296
538	19
547	19
577	267
1485	68
203	88
3009	237
3005	237
3010	237
3003	237
3014	237
3006	237
3004	237
1053	36
17	1
2778	72
2713	72
2710	72
2595	72
2482	72
2453	72
2440	72
2305	72
1935	72
663	244
668	244
669	244
662	244
670	244
660	244
671	244
521	46
577	37
472	37
250	31
252	31
263	31
259	31
534	207
1357	225
1386	225
2095	23
388	93
307	93
358	93
1279	45
464	241
1761	28
1963	64
973	170
535	129
3069	49
535	200
1135	214
305	68
306	68
2780	214
2871	106
1830	129
601	172
2913	36
882	164
1685	262
590	36
1688	129
2032	113
2563	129
1688	129
1627	129
2521	129
1504	129
2413	129
1773	129
2248	129
1896	129
2127	129
1117	85
3096	134
3097	134
3098	134
3105	134
3109	134
3110	134
3119	134
3122	134
1159	68
633	41
2257	129
696	129
1531	58
2507	58
2027	58
2933	58
1649	58
871	9
1192	234
1196	234
1202	234
1252	234
1319	234
1208	234
1218	234
1316	234
1405	234
1411	234
523	129
995	129
899	68
85	204
417	221
1615	214
1822	233
730	247
748	247
732	247
767	247
727	247
736	247
1815	114
986	246
961	246
955	246
1037	246
957	246
978	246
1528	113
2382	13
2280	43
2358	155
2766	257
865	41
1906	65
2040	178
2603	193
2284	183
1029	68
1966	129
1043	257
1767	214
535	55
2615	36
2982	267
872	119
2878	97
609	267
1845	113
2579	98
2646	69
2286	214
524	153
1864	203
308	180
2580	183
2317	113
2381	118
1461	113
1027	224
332	164
326	68
2399	113
1988	55
2589	41
2815	221
2509	305
992	193
1430	98
2873	68
1583	118
1487	113
1869	8
607	221
2623	67
2302	113
2349	129
1466	112
1517	203
753	129
1626	182
2027	129
469	224
843	113
1787	41
2874	41
321	119
1835	113
1590	267
2820	271
1428	113
1472	224
1106	101
1137	220
294	298
1474	173
1177	28
2037	221
2080	55
1618	223
1152	222
450	164
1650	182
2320	148
280	197
383	224
1724	224
901	214
2623	99
1984	99
2484	99
1638	99
398	68
2224	117
2224	117
435	164
467	247
395	163
1067	55
937	119
574	113
2697	119
1144	214
2853	214
862	8
466	119
41	306
1057	105
587	214
470	68
1046	233
2730	55
65	89
1065	55
171	113
92	226
146	41
1803	129
272	113
344	193
1661	41
213	224
1761	55
936	41
262	231
619	305
1023	224
941	224
1071	129
62	221
291	129
68	214
545	193
890	224
111	274
33	198
1887	113
406	41
1014	36
630	129
535	214
149	140
1110	113
501	226
1473	119
37	214
1996	19
80	101
2915	206
2682	32
792	77
627	105
76	223
1460	68
353	282
2147	257
1474	55
1973	68
1651	224
1776	224
910	119
75	113
1798	86
584	105
552	226
633	41
548	226
17	184
2717	308
2536	308
2194	308
2469	308
1947	308
2152	308
2416	308
2728	308
2356	308
2200	308
2387	308
2251	308
2142	308
2698	308
2750	308
2283	308
2560	308
2658	308
2190	308
2458	308
1561	119
1902	129
1447	193
135	203
525	68
550	224
1842	224
2828	220
1644	224
101	113
1436	214
119	247
2454	6
646	41
1050	124
2407	113
633	113
2093	28
575	203
1898	303
46	129
1522	257
2708	291
2709	291
2055	291
345	233
2746	214
55	203
874	215
628	267
621	160
93	160
1684	36
59	260
429	118
2059	29
854	29
1595	29
859	29
2533	29
858	29
1920	29
208	41
1923	36
337	226
1601	67
1652	67
459	41
2620	41
548	303
1607	113
323	113
97	113
1618	55
1467	55
2580	55
1974	220
1872	219
2050	219
2575	219
2016	219
2531	219
1631	219
2277	219
1760	219
1730	219
2167	219
1554	219
1954	219
2245	219
2182	219
2472	219
1574	219
1553	219
1520	219
367	105
2394	104
271	105
2635	118
1685	118
2267	118
1473	257
292	257
890	257
1644	271
1454	193
2950	8
2687	63
1502	8
641	233
487	298
1127	233
128	298
95	233
2491	298
2101	298
2237	233
1923	233
2580	298
2352	233
928	233
2927	233
2032	220
2828	220
2111	220
2622	220
2879	220
2745	220
2799	220
1446	220
1656	300
1823	220
1665	220
351	220
487	220
1283	220
1583	220
1710	220
1280	220
1874	220
1974	220
2462	220
432	220
1512	41
1487	214
2866	36
1540	214
1593	257
2234	119
2090	129
3073	47
2706	119
1685	118
1976	68
2631	102
1792	258
1792	258
1426	271
1973	68
136	220
1509	129
2268	28
2334	86
2252	113
2007	179
2629	172
1958	113
2640	68
738	287
1805	14
1742	129
1714	257
1892	55
2230	68
3066	86
2640	197
1426	271
1497	41
1448	298
2403	68
2007	111
1473	86
2143	129
2124	232
2074	226
2144	231
1475	41
1601	224
918	271
220	25
1734	97
1158	271
2065	220
2680	190
2100	214
535	119
134	41
599	55
2193	214
883	222
2131	190
497	214
135	210
2092	224
921	5
1457	172
2069	224
2924	68
1506	68
79	65
22	287
39	214
81	129
522	102
40	68
2943	118
2511	68
156	129
73	214
135	129
556	105
100	159
135	109
126	68
196	86
1986	68
2268	28
366	214
2920	206
331	153
904	226
117	28
439	36
2956	129
422	214
1083	167
2005	193
993	182
2014	224
639	214
390	210
535	224
560	214
618	119
1509	129
1923	36
2580	214
2233	223
2514	64
1473	41
1473	221
2591	197
2824	183
1685	124
1670	55
2879	220
1898	41
2869	41
2153	214
2940	214
2706	214
2580	103
2886	132
1637	182
1621	224
2007	226
1487	41
1441	178
1471	267
1479	267
2166	119
1900	113
2935	113
2656	223
1542	65
2324	257
337	226
1540	257
1434	224
2411	203
2638	67
2160	224
546	298
1908	224
509	119
675	129
1432	86
535	14
53	68
920	81
1063	113
78	129
403	226
2762	274
1070	129
1420	41
1514	271
28	129
314	129
1164	114
2564	203
1741	119
586	129
21	226
1969	214
2536	41
2729	129
2753	105
1754	41
2248	129
482	183
1986	257
334	119
2213	67
592	113
1876	129
294	119
479	41
2024	183
130	221
512	113
600	50
2609	77
375	153
2851	68
832	178
2515	99
2099	223
2701	214
1761	28
341	214
328	36
2407	113
2848	55
2924	68
2330	172
1703	214
1564	68
2679	119
1989	214
2647	119
1561	113
2248	214
2237	183
2687	63
2425	129
2089	226
2884	247
1803	179
2954	298
1813	113
1799	129
2635	214
2620	214
2840	160
2972	113
2056	183
2056	265
2347	68
2222	113
953	282
2158	129
2552	113
2847	129
1787	28
198	188
1801	129
1178	193
1473	214
2257	129
2039	99
2817	65
2860	226
2911	303
1473	257
2243	129
1430	245
1982	4
1791	224
1143	178
1769	103
1530	113
930	129
916	224
1857	257
1778	113
1742	173
2617	214
1509	129
687	221
27	129
1552	108
2880	214
2669	226
1821	267
2894	28
905	298
2693	88
1448	113
1160	119
2515	36
1721	68
830	214
2392	128
2067	214
325	68
342	113
1755	129
2453	267
1656	300
1487	41
2047	36
1981	36
1835	55
1522	202
541	209
1473	27
2734	214
1507	41
1940	114
902	160
1175	106
1691	41
456	9
504	310
504	310
2179	214
2210	183
726	211
1763	114
1128	105
1125	257
624	233
465	172
270	245
3088	222
1399	182
2120	50
828	232
828	232
1432	183
1858	221
1763	36
1691	41
875	4
2380	214
1973	224
2781	62
1867	116
1474	298
987	68
284	68
2700	129
956	267
1723	203
168	183
592	114
153	226
2924	224
1685	58
2028	68
405	183
2887	222
569	220
1473	266
548	41
1855	55
275	197
360	223
1952	279
2433	129
400	68
2351	106
2348	106
82	92
943	224
1607	242
1163	113
897	186
1562	113
403	55
1167	119
1015	190
923	97
2166	113
2076	232
1168	266
160	171
2203	26
1692	41
1226	182
2854	298
1979	153
2743	231
279	7
2000	233
381	28
381	28
790	267
201	68
42	41
528	129
1529	224
925	182
1356	183
39	41
106	76
1859	119
965	8
1108	113
153	226
49	105
2128	183
122	129
150	226
31	102
616	41
51	60
142	129
1667	113
63	55
84	247
1375	129
1681	68
1586	68
1910	68
503	54
642	129
23	224
169	36
108	68
2012	214
2901	119
1560	119
2036	119
1622	119
1433	231
591	41
71	105
200	214
1658	220
57	226
1138	41
1975	247
935	271
1804	214
26	183
107	129
212	214
354	68
633	129
1119	295
58	245
300	127
2857	182
613	220
1538	226
441	220
105	36
139	55
186	113
199	226
69	129
385	105
159	258
90	41
554	113
644	55
535	48
29	41
1048	129
310	55
138	129
527	55
120	189
1084	65
132	129
32	214
94	119
376	257
470	221
535	224
2399	113
1772	19
1540	36
427	129
317	182
110	231
115	301
2594	5
631	113
1903	33
928	129
1123	129
2691	224
2891	185
1869	41
581	214
939	28
2273	119
982	257
988	226
1013	214
604	56
633	113
2381	41
1807	113
583	113
633	65
1142	113
931	183
877	267
508	282
495	231
1515	103
98	65
994	233
1575	183
867	233
588	41
523	41
61	129
380	169
209	182
589	257
210	214
161	113
337	113
514	183
120	118
114	105
164	224
323	183
87	224
2611	231
142	214
928	55
412	103
612	164
878	77
526	183
603	119
48	221
1069	20
127	28
91	41
2081	113
456	183
155	267
154	130
497	55
211	41
202	119
109	214
491	36
415	224
1994	224
1131	40
418	257
1540	214
531	119
785	232
896	36
25	182
1132	214
102	214
129	28
166	309
911	53
428	129
349	55
1075	68
143	28
17	231
1004	129
1145	169
926	41
158	224
77	220
517	129
626	129
645	36
881	182
494	86
52	65
917	214
1704	224
1147	220
1775	193
485	58
145	68
137	271
985	104
83	206
86	41
151	214
116	257
640	68
608	206
615	154
636	226
473	68
917	113
693	201
131	303
1961	246
1061	187
934	300
948	41
277	68
656	28
444	119
916	224
298	274
2454	306
894	220
462	300
474	206
526	36
863	9
893	129
622	182
997	214
471	68
340	58
336	221
346	203
1016	129
2834	271
776	292
1877	129
535	113
634	198
352	214
946	68
906	129
1118	68
648	41
1058	214
1810	68
2910	19
908	304
563	129
1066	238
359	129
533	303
339	220
353	233
1701	233
1044	257
969	283
411	113
944	68
350	214
835	55
1708	300
507	113
2141	226
981	68
99	288
388	55
984	64
942	55
1114	226
979	8
34	220
922	247
123	8
474	138
890	67
1275	291
1326	291
1305	291
88	232
878	221
399	68
152	172
347	224
617	8
2620	113
273	68
1151	129
1150	102
1645	233
614	118
880	183
652	28
867	68
181	287
35	68
364	189
302	119
66	183
549	41
2073	55
1877	129
502	267
892	257
2297	224
2014	36
2261	36
950	36
1054	68
1993	259
2159	259
50	118
118	224
162	129
180	28
74	55
356	214
1639	98
2961	129
36	231
2669	226
72	129
564	113
449	298
827	113
60	120
1072	231
1121	52
163	28
30	271
165	221
1165	182
972	8
38	64
348	105
140	214
1535	105
1767	129
431	119
1668	119
2620	214
2495	214
1129	129
157	67
144	105
510	214
907	203
511	182
2882	129
489	226
